0.0899958610534668
0.09001731872558594
0.029985904693603516
0.15999078750610352
0.06999969482421875
0.07001399993896484
0.1199960708618164
0.11002063751220703
0.12999773025512695
0.16998291015625
0.12996196746826172
0.09003877639770508
0.10991334915161133
0.0500178337097168
0.09999990463256836
0.15002965927124023
0.1499772071838379
0.09001493453979492
0.09999513626098633
0.09001493453979492
0.09999752044677734
0.16001224517822266
0.13997554779052734
0.15998601913452148
0.0800013542175293
0.1300191879272461
0.14998912811279297
0.09999752044677734
0.11000871658325195
0.09999990463256836
0.10998725891113281
0.14002561569213867
0.11999130249023438
0.10999441146850586
0.060007572174072266
0.13002872467041016
0.06996631622314453
0.05999326705932617
0.19999027252197266
0.15999794006347656
0.09991884231567383
0.05999565124511719
0.06998300552368164
0.05997180938720703
0.11994123458862305
0.07000207901000977
0.09999275207519531
0.07000923156738281
0.15999078750610352
0.16003131866455078
0.13992786407470703
0.0800013542175293
0.08999824523925781
0.11999368667602539
0.1300215721130371
0.1500105857849121
0.060007572174072266
0.08000373840332031
0.09997844696044922
0.15003442764282227
0.11011123657226562
0.10999202728271484
0.1399993896484375
0.13997554779052734
0.1699972152709961
0.08999824523925781
0.10999441146850586
0.12002229690551758
0.09001016616821289
0.07999897003173828
0.10001182556152344
0.1199960708618164
0.12000799179077148
0.07997274398803711
0.11001110076904297
0.07999181747436523
0.09003162384033203
0.039975643157958984
0.10000228881835938
0.1599884033203125
0.10999202728271484
0.1500535011291504
0.13991117477416992
0.12998104095458984
0.06996870040893555
0.08998870849609375
0.12008905410766602
0.10998249053955078
0.07999420166015625
0.15999317169189453
0.14000415802001953
0.10998725891113281
0.06001472473144531
0.14000177383422852
0.1600360870361328
0.04999399185180664
0.10999202728271484
0.0900125503540039
0.07003545761108398
0.08997678756713867
0.09998559951782227
0.06999492645263672
0.18000125885009766
0.23999929428100586
0.09997844696044922
0.2300119400024414
0.17000675201416016
0.07001876831054688
0.23999691009521484
0.149993896484375
0.09000778198242188
0.05000114440917969
0.1200413703918457
0.13001680374145508
0.18003225326538086
0.09996652603149414
0.1699662208557129
0.18997907638549805
0.12997865676879883
0.10001659393310547
0.2099895477294922
0.1899552345275879
0.07998466491699219
0.08998632431030273
0.07001399993896484
0.0799870491027832
0.12000322341918945
0.07998228073120117
0.13998746871948242
0.15001773834228516
0.08003950119018555
0.12999773025512695
0.12000322341918945
0.08999347686767578
0.10994911193847656
0.1299905776977539
0.1300358772277832
0.13997793197631836
0.10001182556152344
0.15003442764282227
0.21004915237426758
0.1599574089050293
0.10002613067626953
0.11001110076904297
0.16998291015625
0.0899958610534668
0.1399993896484375
0.18002986907958984
0.12996435165405273
0.14000654220581055
0.15002012252807617
0.14998912811279297
0.11991739273071289
0.14006853103637695
0.25998592376708984
0.09001970291137695
0.15005826950073242
0.12999296188354492
0.13002634048461914
0.20999431610107422
0.1300048828125
0.08000850677490234
0.09004592895507812
0.10004758834838867
0.07993459701538086
0.07999420166015625
0.14008760452270508
0.12992382049560547
0.1300215721130371
0.1100015640258789
0.05000591278076172
0.09999752044677734
0.10000228881835938
0.12000083923339844
0.09997844696044922
0.12001752853393555
0.12001276016235352
0.05005359649658203
0.10997295379638672
0.12995243072509766
0.13993263244628906
0.1600480079650879
0.16002893447875977
0.12998580932617188
0.1599884033203125
0.13998031616210938
0.11997699737548828
0.07999420166015625
0.10998964309692383
0.110015869140625
0.11999130249023438
0.1299762725830078
0.10000944137573242
0.03999471664428711
0.10999441146850586
0.15000104904174805
0.11000633239746094
0.10998964309692383
0.10002374649047852
0.0699758529663086
0.14999628067016602
0.13001203536987305
0.1000213623046875
0.1299881935119629
0.11998891830444336
0.15001296997070312
0.22999286651611328
0.08001565933227539
0.15998363494873047
0.16998767852783203
0.19999980926513672
0.1299571990966797
0.10000228881835938
0.09001016616821289
0.1900792121887207
0.07992267608642578
0.12006521224975586
0.16999483108520508
0.0899362564086914
0.08998394012451172
0.04999876022338867
0.08998870849609375
0.0800013542175293
0.16003847122192383
0.12000322341918945
0.02998828887939453
0.06999969482421875
0.09999752044677734
0.07999420166015625
0.17999887466430664
0.10006189346313477
0.05998373031616211
0.07999420166015625
0.09001016616821289
0.07002115249633789
0.24002313613891602
0.15998363494873047
0.08994102478027344
0.15001773834228516
0.11003494262695312
0.15006065368652344
0.11997699737548828
0.07001638412475586
0.12999534606933594
0.12003660202026367
0.13994455337524414
0.16997337341308594
0.03998517990112305
0.1500082015991211
0.14995336532592773
0.1500082015991211
0.13000011444091797
0.1101064682006836
0.09000301361083984
0.08000850677490234
0.07999897003173828
0.05997896194458008
0.09999752044677734
0.059990882873535156
0.10000944137573242
0.06999015808105469
0.17002582550048828
0.0999760627746582
0.09997129440307617
0.12000322341918945
0.13005733489990234
0.1300191879272461
0.13001441955566406
0.2400517463684082
0.10999679565429688
0.21999359130859375
0.1800060272216797
0.18999814987182617
0.15000581741333008
0.0999593734741211
0.11995792388916016
0.12001514434814453
0.09999275207519531
0.1000070571899414
0.09999513626098633
0.04999399185180664
0.12001752853393555
0.09999752044677734
0.1600337028503418
0.12001276016235352
0.08001565933227539
0.08998394012451172
0.07995367050170898
0.14003992080688477
0.06999492645263672
0.14009475708007812
0.08997440338134766
0.13004541397094727
0.16994476318359375
0.13998985290527344
0.08999109268188477
0.15006065368652344
0.09998798370361328
0.08000373840332031
0.14007568359375
0.12002706527709961
0.06005525588989258
0.1300048828125
0.12991666793823242
0.12005090713500977
0.06998300552368164
0.06996631622314453
0.110015869140625
0.13000965118408203
0.14999866485595703
0.14997243881225586
0.15998363494873047
0.1699995994567871
0.17000436782836914
0.1399993896484375
0.15997648239135742
0.07999897003173828
0.07000207901000977
0.06000518798828125
0.1200103759765625
0.12999296188354492
0.10000228881835938
0.1000070571899414
0.1300048828125
0.149993896484375
0.09998559951782227
0.0899958610534668
0.10999441146850586
0.08001565933227539
0.0799107551574707
0.07000207901000977
0.05999326705932617
0.09997367858886719
0.14998674392700195
0.1199960708618164
0.11001110076904297
0.09000778198242188
0.14000892639160156
0.1400279998779297
0.17001628875732422
0.15000104904174805
0.10998725891113281
0.15997648239135742
0.20996332168579102
0.1800060272216797
0.09999513626098633
0.15995502471923828
0.1800370216369629
0.1700115203857422
0.07997989654541016
0.14997005462646484
0.09999513626098633
0.14996767044067383
0.12006759643554688
0.1499795913696289
0.15997648239135742
0.14998435974121094
0.12998342514038086
0.10999917984008789
0.12002706527709961
0.08997917175292969
0.13003110885620117
0.07000207901000977
0.14000415802001953
0.110015869140625
0.1700115203857422
0.12000560760498047
0.05000114440917969
0.15997648239135742
0.1500082015991211
0.0800180435180664
0.10994672775268555
0.14001846313476562
0.0800466537475586
0.1100015640258789
0.04001140594482422
0.05007743835449219
0.10999441146850586
0.09991645812988281
0.18002033233642578
0.11998414993286133
0.18999099731445312
0.0899958610534668
0.11999368667602539
0.18001079559326172
0.0899958610534668
0.08000612258911133
0.12999534606933594
0.1000356674194336
0.08994340896606445
0.10001182556152344
0.09999275207519531
0.18995046615600586
0.10998725891113281
0.149993896484375
0.10998964309692383
0.17999887466430664
0.10000228881835938
0.030009746551513672
0.15000104904174805
0.15996456146240234
0.12998104095458984
0.12000322341918945
0.08002042770385742
0.17000675201416016
0.13996362686157227
0.08002281188964844
0.08994340896606445
0.06006479263305664
0.11991262435913086
0.10001659393310547
0.10003328323364258
0.07007360458374023
0.10998725891113281
0.0599980354309082
0.12001514434814453
0.10999917984008789
0.12995004653930664
0.10006189346313477
0.07999897003173828
0.07995128631591797
0.09000539779663086
0.1700115203857422
0.0998997688293457
0.15993595123291016
0.13000249862670898
0.1200723648071289
0.13999223709106445
0.09008407592773438
0.0800013542175293
0.0700235366821289
0.1300048828125
0.07996797561645508
0.09000062942504883
0.039992332458496094
0.16006708145141602
0.0800013542175293
0.0899648666381836
0.0700068473815918
0.19002914428710938
0.12989044189453125
0.06999015808105469
0.10999917984008789
0.07999420166015625
0.18000125885009766
0.1399827003479004
0.1499772071838379
0.14000415802001953
0.05998373031616211
0.06998538970947266
0.10001420974731445
0.1399683952331543
0.10999441146850586
0.05999326705932617
0.09999990463256836
0.17000913619995117
0.10999441146850586
0.15007257461547852
0.14001131057739258
0.09000062942504883
0.10006427764892578
0.07998466491699219
0.06999492645263672
0.0799870491027832
0.13997793197631836
0.09996891021728516
0.10006427764892578
0.049996376037597656
0.1398634910583496
0.18005609512329102
0.06998300552368164
0.11000633239746094
0.10998010635375977
0.14001131057739258
0.17998218536376953
0.08006095886230469
0.14003276824951172
0.1299905776977539
0.10999202728271484
0.11998414993286133
0.10999917984008789
0.17998695373535156
0.07997512817382812
0.10001897811889648
0.05002260208129883
0.1000070571899414
0.10999917984008789
0.08997678756713867
0.09999990463256836
0.10004520416259766
0.1900315284729004
0.14004945755004883
0.10002613067626953
0.09999513626098633
0.07001161575317383
0.18000364303588867
0.12000560760498047
0.08995532989501953
0.12998342514038086
0.10999917984008789
0.06998300552368164
0.10999679565429688
0.10003805160522461
0.07998943328857422
0.04998207092285156
0.10004758834838867
0.10999441146850586
0.1500225067138672
0.17000436782836914
0.18996477127075195
0.08999347686767578
0.04998445510864258
0.1000070571899414
0.1800251007080078
0.14997482299804688
0.11997461318969727
0.15002727508544922
0.17995119094848633
0.1499342918395996
0.17002105712890625
0.1799631118774414
0.20000696182250977
0.1799917221069336
0.13003826141357422
0.12000083923339844
0.24004220962524414
0.17997980117797852
0.12001752853393555
0.1300501823425293
0.1599884033203125
0.13995885848999023
0.1300215721130371
0.04997730255126953
0.14998674392700195
0.11002302169799805
0.09998559951782227
0.11000633239746094
0.06999731063842773
0.05999565124511719
0.1600050926208496
0.1600503921508789
0.10000467300415039
0.08998870849609375
0.07998943328857422
0.0999760627746582
0.11003494262695312
0.09997129440307617
0.05998849868774414
0.11998176574707031
0.09001731872558594
0.11002302169799805
0.10999679565429688
0.07992982864379883
0.1300358772277832
0.09000301361083984
0.0999593734741211
0.14000654220581055
0.07996320724487305
0.06999492645263672
0.10003328323364258
0.0899958610534668
0.09006977081298828
0.06995677947998047
0.030088424682617188
0.1399397850036621
0.060007572174072266
0.07999420166015625
0.03998517990112305
0.10998964309692383
0.10000228881835938
0.17006397247314453
0.12995243072509766
0.06006479263305664
0.10997772216796875
0.07001876831054688
0.09998083114624023
0.11001348495483398
0.15000343322753906
0.06998777389526367
0.1299905776977539
0.11002779006958008
0.1500105857849121
0.06998777389526367
0.10999679565429688
0.09000539779663086
0.09998798370361328
0.020000934600830078
0.0800013542175293
0.14998674392700195
0.16997337341308594
0.1299905776977539
0.04000425338745117
0.09008646011352539
0.039916038513183594
0.15005111694335938
0.059914588928222656
0.14001131057739258
0.0900721549987793
0.0700068473815918
0.15999078750610352
0.11998414993286133
0.12001991271972656
0.31005144119262695
0.12003421783447266
0.1399993896484375
0.1600050926208496
0.05999326705932617
0.08998870849609375
0.06999969482421875
0.10001182556152344
0.0899815559387207
0.12000799179077148
0.039992332458496094
0.1199960708618164
0.11998414993286133
0.03998517990112305
0.07000923156738281
0.04999399185180664
0.16002416610717773
0.0400090217590332
0.07998943328857422
0.09000539779663086
0.1200246810913086
0.10000467300415039
0.07995843887329102
0.06999492645263672
0.1300334930419922
0.09999752044677734
0.13993024826049805
0.07005691528320312
0.04999399185180664
0.12001276016235352
0.08002281188964844
0.05999565124511719
0.04999399185180664
0.030012130737304688
0.11003732681274414
0.07998228073120117
0.06000995635986328
0.13000726699829102
0.05001068115234375
0.11005163192749023
0.14006614685058594
0.18000125885009766
0.10997772216796875
0.17997980117797852
0.10998725891113281
0.11998176574707031
0.050008296966552734
0.11005878448486328
0.09000301361083984
0.09999275207519531
0.08994340896606445
0.14000654220581055
0.1699542999267578
0.1298999786376953
0.12001276016235352
0.07999181747436523
0.1299881935119629
0.08000850677490234
0.17003774642944336
0.18001317977905273
0.08999347686767578
0.07999181747436523
0.12001514434814453
0.12999296188354492
0.10004043579101562
0.09003639221191406
0.11000871658325195
0.13004302978515625
0.06003618240356445
0.15000104904174805
0.08996963500976562
0.15999555587768555
0.14002323150634766
0.09999752044677734
0.07000446319580078
0.08000373840332031
0.08999824523925781
0.16016006469726562
0.04999399185180664
0.1299738883972168
0.110015869140625
0.13004541397094727
0.15000104904174805
0.16002893447875977
0.13991594314575195
0.13007879257202148
0.11992931365966797
0.13008594512939453
0.10999917984008789
0.10993480682373047
0.1000666618347168
0.09000062942504883
0.09998798370361328
0.07000923156738281
0.12991666793823242
0.15001535415649414
0.1400279998779297
0.12002706527709961
0.1699995994567871
0.10995149612426758
0.12994766235351562
0.16000032424926758
0.08001327514648438
0.13999700546264648
0.07996320724487305
0.09999513626098633
0.09002208709716797
0.1600050926208496
0.1000070571899414
0.05000591278076172
0.0900125503540039
0.10000944137573242
0.1399827003479004
0.13998031616210938
0.1899886131286621
0.10995626449584961
0.05001544952392578
0.09006738662719727
0.06006956100463867
0.09997129440307617
0.07998466491699219
0.10998010635375977
0.11997461318969727
0.09999990463256836
0.09000062942504883
0.09001016616821289
0.039997100830078125
0.14000654220581055
0.12003660202026367
0.09998798370361328
0.13000249862670898
0.10999202728271484
0.09000062942504883
0.10004281997680664
0.14000177383422852
0.18002033233642578
0.10999917984008789
0.179901123046875
0.1799941062927246
0.13998985290527344
0.08997440338134766
0.11000871658325195
0.09000539779663086
0.05000114440917969
0.019996166229248047
0.07001876831054688
0.07997512817382812
0.1300048828125
0.13003110885620117
0.12999296188354492
0.08000612258911133
0.1200413703918457
0.1399993896484375
0.1800370216369629
0.1500701904296875
0.05996227264404297
0.12009859085083008
0.059967041015625
0.16000747680664062
0.07996559143066406
0.08999347686767578
0.07997274398803711
0.030002593994140625
0.06003379821777344
0.05999565124511719
0.13001680374145508
0.059981346130371094
0.06001710891723633
0.08001327514648438
0.1400160789489746
0.13999223709106445
0.10013341903686523
0.1499319076538086
0.1500701904296875
0.02995014190673828
0.14001131057739258
0.0899815559387207
0.09000539779663086
0.0799870491027832
0.19997358322143555
0.07001399993896484
0.13001203536987305
0.08999824523925781
0.06000041961669922
0.11000394821166992
0.08999824523925781
0.0900125503540039
0.14001131057739258
0.10997772216796875
0.11001110076904297
0.1099705696105957
0.09000062942504883
0.07999420166015625
0.13005733489990234
0.06000041961669922
0.1700115203857422
0.09000539779663086
0.11003255844116211
0.09999752044677734
0.060002803802490234
0.05999565124511719
0.13999462127685547
0.0800466537475586
0.09999752044677734
0.16003131866455078
0.1200103759765625
0.12002706527709961
0.14000177383422852
0.18999099731445312
0.14995813369750977
0.1400160789489746
0.049986839294433594
0.0700068473815918
0.14000892639160156
0.10000944137573242
0.13006925582885742
0.08996725082397461
0.09994983673095703
0.11998891830444336
0.0599980354309082
0.05000114440917969
0.11005163192749023
0.1300048828125
0.1299738883972168
0.15001535415649414
0.11992931365966797
0.09999990463256836
0.1300525665283203
0.050013065338134766
0.09000778198242188
0.06005525588989258
0.05998849868774414
0.09000062942504883
0.10000467300415039
0.0899195671081543
0.07998228073120117
0.11007070541381836
0.10002374649047852
0.08001089096069336
0.14008045196533203
0.1000666618347168
0.14994382858276367
0.09994268417358398
0.10003089904785156
0.10000944137573242
0.1700448989868164
0.07999897003173828
0.09999990463256836
0.0700068473815918
0.04004240036010742
0.0599980354309082
0.08993387222290039
0.07001161575317383
0.1599884033203125
0.11005401611328125
0.0899195671081543
0.10999679565429688
0.05998373031616211
0.1400279998779297
0.09003639221191406
0.13997316360473633
0.08994340896606445
0.17004966735839844
0.10999679565429688
0.07999420166015625
0.13997793197631836
0.10999917984008789
0.05992889404296875
0.15007257461547852
0.10998249053955078
0.14007091522216797
0.08999347686767578
0.1200723648071289
0.14991998672485352
0.0799870491027832
0.09000778198242188
0.1500415802001953
0.10010480880737305
0.10998249053955078
0.08994340896606445
0.16001224517822266
0.19003629684448242
0.13000249862670898
0.07999658584594727
0.1299881935119629
0.08998870849609375
0.14999866485595703
0.11997222900390625
0.09999990463256836
0.09997844696044922
0.14001131057739258
0.11000394821166992
0.1200413703918457
0.06999731063842773
0.040013790130615234
0.1100015640258789
0.06999731063842773
0.17000436782836914
0.06998538970947266
0.10000944137573242
0.12999296188354492
0.110015869140625
0.08998870849609375
0.11000394821166992
0.0899958610534668
0.10000467300415039
0.08001089096069336
0.10000467300415039
0.060007572174072266
0.0899815559387207
0.09999752044677734
0.11000871658325195
0.07997751235961914
0.0999760627746582
0.1399827003479004
0.10004043579101562
0.1400136947631836
0.08001089096069336
0.09994983673095703
0.09000062942504883
0.1000070571899414
0.11993169784545898
0.07004261016845703
0.17998456954956055
0.0899362564086914
0.0899648666381836
0.08999347686767578
0.0400233268737793
0.11006832122802734
0.09997129440307617
0.12996435165405273
0.09003162384033203
0.14998197555541992
0.09997367858886719
0.06000518798828125
0.13997793197631836
0.15996694564819336
0.1600050926208496
0.0800180435180664
0.11001825332641602
0.10998964309692383
0.09993791580200195
0.14000415802001953
0.14001846313476562
0.1500391960144043
0.13994693756103516
0.10004281997680664
0.09999990463256836
0.14000415802001953
0.13998985290527344
0.15001296997070312
0.1300215721130371
0.14000892639160156
0.1899862289428711
0.10000944137573242
0.16000747680664062
0.08995771408081055
0.08000373840332031
0.08002758026123047
0.11990547180175781
0.049986839294433594
0.0699925422668457
0.13999700546264648
0.11007070541381836
0.11003732681274414
0.13002395629882812
0.09994268417358398
0.15006542205810547
0.08997201919555664
0.11993408203125
0.11005640029907227
0.1400446891784668
0.09000062942504883
0.0799250602722168
0.05999565124511719
0.040013790130615234
0.10000944137573242
0.12998342514038086
0.10004758834838867
0.11002302169799805
0.1400160789489746
0.07998228073120117
0.07999897003173828
0.16002416610717773
0.1799917221069336
0.08997917175292969
0.060007572174072266
0.07999420166015625
0.08999824523925781
0.11007070541381836
0.09994983673095703
0.16000986099243164
0.049996376037597656
0.07000207901000977
0.06997108459472656
0.10000228881835938
0.12000560760498047
0.18001079559326172
