0.0016993999481201172
0.003400850296020508
0.006801414489746094
0.008698558807373047
0.015102314949035644
0.019702577590942384
0.021197414398193358
0.02299931049346924
0.026398849487304688
0.03189938068389893
0.04749917984008789
0.05280039310455322
0.05820198059082031
0.05229980945587158
0.06640279293060303
0.07379980087280273
0.07709853649139405
0.08870258331298828
0.10260121822357178
0.11459901332855224
0.12300043106079102
0.12859730720520018
0.14479444026947022
0.1407994270324707
0.16400506496429443
0.19710006713867187
0.20830113887786866
0.18870277404785157
0.2766021490097046
0.22939646244049072
0.23620080947875977
0.24429800510406494
0.28999929428100585
0.29260141849517823
0.34929747581481935
0.30110347270965576
0.3083024263381958
0.35649452209472654
0.34199483394622804
0.3834978103637695
0.42150638103485105
0.41449894905090334
0.47279765605926516
0.4870036840438843
0.45130105018615724
0.5044053077697754
0.5543937444686889
0.5278006792068481
0.5411086320877075
0.5572988271713257
0.6429009675979614
0.6335029125213623
0.6937044143676758
0.6214948177337647
0.6984023094177246
0.7518065929412842
0.7209969997406006
0.7864999055862427
0.8113902091979981
0.8658962965011596
0.8716048717498779
0.9173005104064942
0.8779041051864624
0.9049036979675293
0.9671966791152954
1.0147034168243407
1.0794001817703247
0.9997036218643188
1.0963013410568236
1.1472990274429322
1.052906346321106
1.219508957862854
1.1521925449371337
1.2431005954742431
1.2867007493972777
1.3348060369491577
1.291304612159729
1.4061921119689942
1.4141091108322144
1.3949023723602294
1.4790981531143188
1.5171031713485719
1.6098035097122192
1.5585983514785766
1.578205394744873
1.5535021781921388
1.698299765586853
1.829801344871521
1.7560905694961548
1.6780067682266235
1.8445980072021484
1.9763002395629883
1.8540066719055175
1.959902572631836
1.9967042922973632
2.0998072147369387
2.110294818878174
2.0973026514053346
2.136894774436951
2.195699691772461
